136 134 133 132 132 133 135 138 141 144 145 146 146 147 148 148 147 147 147 147 146 144 143 141 139 137 135 133 132 131 132 132 130 128 125 122 120 118 117 117 117 117 117 117 116 116 116 115 115 115 116 116 117 118 119 120 120 120 119 118 117 117 117 118 119 119 120 121 120 119 118 118 119 119 119 119 120 120 119 118 118 118 118 117 117 117 117 117 118 118 118 117 116 114 113 113 113 114 116 117
137 136 135 135 136 137 139 141 144 148 149 149 150 150 150 149 148 148 147 146 144 142 139 137 135 133 131 129 128 128 129 129 128 126 124 120 118 117 116 117 118 118 118 118 117 116 116 116 116 116 117 118 120 121 122 122 122 122 121 120 119 118 118 118 119 119 121 121 120 119 118 117 117 117 117 118 119 119 119 119 119 119 118 118 117 117 117 118 119 119 119 118 117 115 114 114 114 114 115 117
138 139 139 139 140 141 142 144 147 150 151 151 151 151 151 150 149 148 147 145 142 139 136 134 132 130 129 127 126 125 127 128 127 125 122 119 117 116 116 116 118 118 118 118 118 117 116 116 117 118 120 122 123 124 125 125 125 124 123 121 120 119 118 118 119 119 120 121 120 118 117 116 116 116 116 117 118 119 119 119 119 119 119 118 117 117 117 118 119 119 119 118 117 116 115 115 114 114 114 116
141 142 143 144 145 146 146 147 149 151 152 152 151 151 151 150 149 148 146 144 140 136 133 131 129 128 127 126 125 124 126 126 125 123 121 118 117 116 116 116 117 118 119 119 118 117 117 118 119 121 123 125 128 129 129 129 128 126 125 123 122 120 119 118 118 118 119 120 119 118 117 115 114 115 115 116 117 118 119 119 119 119 119 119 118 118 118 119 119 119 119 118 118 117 116 115 115 114 114 116
144 146 148 149 149 150 149 149 150 152 152 151 151 150 150 149 148 147 145 142 138 133 130 128 127 126 126 125 124 124 125 126 125 123 121 119 117 116 116 117 118 118 119 119 119 119 119 120 122 124 127 130 132 133 133 132 131 129 127 125 123 121 119 118 118 118 118 119 118 117 116 115 114 114 115 115 116 117 118 119 119 119 119 119 119 119 119 119 119 119 118 118 118 117 117 116 115 114 114 116
148 151 153 154 154 153 152 151 151 152 151 151 150 149 148 147 146 144 141 138 134 129 126 125 124 124 124 124 124 125 126 126 125 124 122 120 119 118 117 117 118 119 120 121 121 121 122 123 126 129 132 135 137 137 137 136 134 131 129 127 124 121 119 117 117 117 117 118 117 116 115 114 114 114 115 115 116 117 118 118 119 119 120 120 120 120 120 119 119 118 118 117 117 117 117 116 116 115 115 116
153 156 158 158 158 156 155 153 152 151 151 150 149 148 146 145 143 141 138 134 130 126 124 122 122 122 123 124 125 125 126 126 125 124 123 122 121 119 118 118 119 119 121 122 122 123 124 127 130 133 136 139 141 141 140 139 136 133 130 127 124 121 118 117 116 116 117 117 116 115 115 114 114 114 115 115 116 116 117 118 119 120 120 121 121 121 120 119 118 118 117 117 117 117 117 116 116 116 116 116
160 161 161 161 160 159 157 155 153 151 150 149 147 146 143 142 140 137 134 131 128 125 123 121 121 122 123 124 125 126 126 126 125 125 124 123 122 121 120 120 120 120 122 123 124 125 126 129 132 136 139 141 143 143 142 140 137 133 130 127 124 121 118 117 117 116 116 117 116 115 115 114 114 115 115 116 116 116 117 117 119 120 121 121 122 121 120 119 118 118 117 117 117 117 116 116 116 116 116 116
166 165 164 163 162 161 158 156 153 151 149 148 146 143 140 138 136 134 131 129 126 124 122 121 121 122 123 124 125 126 126 125 125 124 124 123 123 122 122 121 121 122 122 124 125 126 129 131 134 137 140 143 144 144 143 140 137 133 129 126 123 120 118 117 117 117 117 116 116 115 115 115 115 115 116 116 116 116 116 117 118 120 121 122 122 121 120 119 118 118 117 117 117 116 116 116 116 116 117 117
170 168 165 164 163 162 159 156 153 150 148 147 145 142 139 136 134 132 130 128 126 124 122 121 121 122 123 124 125 126 125 125 124 124 123 123 123 123 123 123 123 123 124 125 126 128 130 132 135 138 141 143 145 145 143 140 137 132 129 125 122 119 118 117 117 116 116 116 115 115 115 115 116 116 116 116 116 116 116 117 118 120 121 122 122 122 121 120 119 118 118 117 117 116 116 116 116 117 117 118
171 169 166 165 164 162 159 156 153 149 147 145 144 141 138 136 134 132 130 128 126 124 123 122 122 122 123 124 124 125 125 124 124 123 122 122 123 123 123 123 124 125 126 127 129 130 131 132 134 137 141 143 145 145 144 141 137 133 128 124 121 118 116 116 115 115 115 115 115 115 116 117 117 117 116 116 115 116 116 118 119 120 121 122 122 122 122 121 119 118 118 118 117 116 116 116 117 117 118 118
172 169 166 165 164 162 158 155 151 148 145 144 142 140 137 135 133 131 130 128 126 125 123 122 122 122 123 123 124 124 124 124 123 122 122 122 122 122 123 124 125 127 128 129 130 131 132 133 135 138 141 143 145 145 143 141 137 133 128 124 121 118 116 115 115 115 115 115 116 116 117 118 118 117 116 115 115 115 117 118 119 121 121 122 122 122 122 121 120 119 119 118 117 116 116 117 117 117 118 118
171 168 165 163 162 159 155 151 148 145 144 143 141 139 136 134 132 131 129 128 126 124 123 123 123 123 123 123 124 124 125 124 123 122 121 121 121 121 122 123 125 127 129 130 131 132 133 134 136 139 141 143 144 144 143 141 138 134 130 125 122 120 118 117 116 116 117 117 118 118 119 119 119 117 116 115 115 115 117 118 119 121 121 121 122 122 122 122 121 120 120 119 118 117 117 117 117 117 117 118
169 167 165 162 159 156 151 148 145 143 142 141 140 138 136 134 132 130 129 127 125 123 123 124 124 123 123 123 124 125 125 125 124 122 121 120 120 121 122 123 125 127 129 131 132 132 134 135 137 140 142 143 143 143 142 140 137 134 131 127 124 122 121 119 119 119 119 120 121 121 121 120 119 118 116 115 115 115 117 118 119 121 121 121 121 122 122 122 122 122 121 120 119 118 117 117 117 117 117 118
169 167 165 162 158 154 149 145 142 141 139 139 138 137 135 133 132 130 128 127 125 123 123 124 124 124 123 124 125 126 126 126 124 123 122 121 121 122 123 124 125 127 129 131 132 133 134 136 138 140 141 142 142 141 141 139 137 134 132 129 127 125 124 123 122 122 123 124 125 125 125 123 122 120 118 116 116 116 117 118 119 120 121 121 121 122 122 122 122 122 122 121 120 119 119 118 118 117 117 118
170 168 166 162 158 153 148 144 141 138 137 137 136 135 134 133 132 130 128 127 125 124 123 124 125 124 124 125 126 127 127 127 125 124 123 123 123 123 124 125 125 126 128 130 132 134 135 137 138 139 140 140 140 140 139 138 136 134 132 131 130 129 128 127 126 126 127 128 129 129 129 127 125 123 121 119 117 116 117 118 119 120 121 121 121 122 122 122 122 122 123 123 122 121 120 119 118 118 118 118
173 170 168 164 160 155 150 145 141 138 136 136 136 135 134 133 132 131 129 127 126 125 124 125 126 125 125 126 127 128 128 127 126 125 124 124 125 125 125 126 126 127 129 131 133 135 136 138 139 139 140 140 139 138 138 136 135 133 132 132 131 131 131 130 129 129 130 131 133 134 133 131 129 127 124 121 119 117 118 118 119 120 120 121 121 121 122 122 122 122 124 124 123 122 121 120 119 118 118 117
177 174 172 168 164 159 154 149 144 139 137 137 137 136 135 134 133 132 130 129 127 126 126 127 127 127 127 128 129 129 129 128 127 125 125 125 126 126 126 127 128 129 131 133 135 137 138 139 140 140 140 140 139 138 136 134 133 131 130 131 131 131 132 132 132 132 134 135 137 138 138 136 134 131 127 124 122 120 119 118 119 119 120 120 120 121 121 122 122 123 124 124 124 122 121 120 119 118 118 117
180 178 176 172 169 164 159 154 148 142 140 140 140 138 136 135 135 133 132 130 129 128 128 129 129 129 129 129 130 130 129 128 127 125 125 126 126 126 127 128 129 131 133 135 137 138 140 141 141 141 141 141 140 138 136 133 131 129 129 130 131 132 133 134 134 136 137 139 141 142 142 140 137 134 131 127 125 122 120 119 119 119 119 120 120 120 121 122 123 123 124 124 123 122 121 120 119 118 117 116
183 181 179 176 173 169 164 160 155 150 147 146 144 141 138 137 136 135 133 132 131 130 130 131 131 131 131 131 131 130 129 127 126 125 125 125 126 126 127 128 130 132 134 136 138 140 142 142 143 143 142 142 141 139 136 133 130 129 129 130 132 134 135 137 138 140 142 144 144 145 144 142 140 137 133 130 127 124 122 120 119 119 119 119 120 120 120 121 122 123 123 123 123 122 121 119 118 118 117 116
186 184 183 180 177 173 169 165 162 159 155 152 148 144 140 138 137 136 135 133 132 132 132 133 133 134 133 132 131 129 128 126 125 124 124 125 125 126 128 129 131 133 135 138 140 142 143 144 145 144 144 143 142 140 136 133 130 129 129 131 134 136 138 141 143 145 147 148 148 147 145 143 141 139 136 133 129 126 124 121 120 119 119 119 120 120 120 121 122 122 123 122 122 121 120 119 118 118 117 116
187 186 184 182 179 176 173 169 167 164 161 157 153 148 144 141 139 137 136 134 133 133 133 134 135 135 135 134 131 129 127 125 124 123 123 124 125 126 128 129 131 133 136 138 141 143 144 145 146 145 144 144 142 140 136 133 131 129 130 133 136 139 141 144 147 149 151 152 151 149 147 145 142 140 138 135 131 128 125 123 121 120 120 120 120 120 120 120 121 121 122 121 121 120 119 118 118 117 117 116
188 186 185 183 181 178 175 172 169 167 164 161 157 152 148 144 141 139 136 135 134 133 134 135 136 137 136 134 131 128 125 123 122 122 122 124 125 127 128 130 131 133 136 139 141 143 145 146 146 145 144 144 142 140 137 134 131 131 132 135 139 142 145 148 151 153 155 155 154 152 149 146 144 141 139 136 133 130 127 125 123 122 121 121 121 120 120 120 120 120 120 120 119 119 118 118 118 118 117 116
188 186 184 183 181 179 176 173 171 169 167 163 160 155 151 147 143 140 137 135 134 134 135 136 137 138 138 135 131 128 125 123 122 121 122 123 125 127 129 131 132 134 137 139 141 143 145 146 146 145 144 143 142 140 137 134 133 132 134 137 141 145 148 151 153 155 157 157 156 153 151 148 145 142 140 137 134 131 128 126 125 124 123 122 121 120 120 119 119 119 119 119 119 118 118 118 118 118 117 117
187 185 183 182 181 179 177 174 172 170 167 164 160 156 152 149 146 142 139 137 135 135 136 137 138 139 138 136 132 129 127 125 123 122 122 124 126 128 131 133 134 136 138 140 142 143 144 144 145 144 143 142 141 139 137 135 134 135 136 140 143 147 150 153 155 156 158 158 157 155 152 148 145 142 139 137 134 131 129 127 125 124 123 121 120 120 119 118 118 118 118 118 118 118 118 118 118 118 117 117
186 183 182 180 180 178 176 174 172 169 166 164 160 156 153 150 147 144 141 138 136 136 136 138 139 140 139 137 133 131 129 127 125 124 124 125 127 130 133 135 137 138 140 141 142 142 143 143 143 143 142 141 139 138 137 136 136 137 139 142 145 148 151 154 155 156 157 157 157 155 152 148 144 141 139 136 133 131 129 127 125 124 122 121 120 119 118 118 117 117 118 118 119 119 119 118 118 117 117 117
185 183 181 180 179 178 176 173 171 168 166 163 160 156 152 150 148 145 141 138 137 136 137 138 139 139 139 138 135 133 132 130 129 127 127 128 130 133 136 137 139 140 140 141 141 141 141 142 142 142 141 140 138 136 136 136 137 138 140 143 146 149 152 154 155 156 156 156 155 154 151 148 144 141 138 136 133 131 129 126 125 123 122 121 120 119 118 118 117 117 118 118 119 119 119 118 118 117 117 117
185 182 180 179 178 177 175 172 169 167 164 162 159 155 152 149 147 145 142 139 137 137 137 138 138 139 139 138 137 136 135 134 133 132 132 133 135 137 138 140 140 141 140 140 140 140 140 141 142 141 140 138 136 135 135 135 137 139 141 144 146 149 152 153 154 154 154 153 152 151 149 146 143 140 138 135 133 130 128 125 124 123 122 121 120 119 119 118 118 118 118 119 119 118 118 118 117 117 117 117
185 182 179 178 177 175 173 170 168 165 163 161 158 155 152 149 147 145 142 139 138 137 137 138 138 139 139 139 139 139 138 137 136 136 136 137 139 140 141 141 141 141 140 139 138 138 139 140 140 140 139 137 134 133 134 135 137 139 142 144 147 149 151 152 152 152 151 150 149 148 147 144 142 140 137 135 132 130 127 125 123 122 121 121 120 120 119 119 118 118 119 119 119 118 118 117 117 117 117 117
185 182 179 176 175 173 171 169 166 164 162 159 157 154 152 149 147 145 142 139 138 138 138 138 139 139 140 140 140 140 140 140 140 139 139 141 142 142 143 143 142 141 139 137 136 136 137 138 139 138 137 135 133 132 133 134 137 139 142 144 146 148 150 150 150 149 148 146 145 144 143 141 140 139 137 135 133 130 127 125 123 122 121 121 120 120 120 120 119 119 120 120 119 118 118 117 117 116 117 117
185 182 179 175 173 170 169 167 165 163 161 159 157 155 152 150 148 145 142 140 139 139 139 140 140 141 141 141 142 142 143 143 143 142 142 143 144 144 144 143 142 140 138 136 135 134 135 136 137 136 135 134 132 131 132 134 137 140 142 145 146 147 148 148 148 146 144 142 141 139 139 138 138 137 136 135 132 130 127 125 123 122 121 120 120 120 120 120 120 120 120 120 119 118 117 117 116 116 116 116
186 182 179 175 171 168 167 166 164 162 160 159 157 155 154 152 149 147 144 142 141 141 141 142 142 143 144 144 145 146 146 146 145 144 144 145 146 145 144 143 141 139 136 134 133 132 132 135 136 136 135 134 132 131 132 134 137 141 144 145 147 147 147 147 145 144 141 139 137 136 135 136 136 135 134 133 131 130 127 125 124 123 121 120 120 119 119 119 119 119 120 120 119 118 117 115 115 115 115 115
186 182 179 175 170 167 166 165 164 162 161 160 158 157 156 154 151 149 146 144 143 143 143 144 145 146 147 148 149 150 150 150 148 146 146 147 147 145 144 142 140 138 135 132 131 130 131 133 135 136 136 134 132 132 133 135 138 142 145 146 147 147 146 145 143 141 138 135 134 132 132 133 133 133 132 131 130 129 127 125 124 123 121 120 119 118 118 118 118 118 119 119 118 117 116 114 113 113 114 114
186 182 179 174 170 167 166 165 164 163 162 161 160 159 157 156 154 151 148 146 145 145 145 146 147 148 149 151 153 154 154 153 152 149 148 148 147 145 143 141 139 136 134 132 130 130 131 134 136 137 137 136 133 133 134 136 139 143 146 147 147 147 146 144 141 138 135 132 130 130 129 130 131 130 130 130 129 128 126 125 123 122 121 119 118 118 118 118 118 118 119 119 119 118 116 114 113 113 114 114
186 183 179 175 170 168 167 166 166 165 165 163 162 161 160 158 156 154 150 147 146 147 147 148 149 150 151 153 156 158 158 158 156 153 151 149 147 144 142 140 137 135 133 131 131 132 133 136 138 139 139 137 135 135 135 137 140 144 146 148 148 147 145 143 140 136 132 129 128 127 127 128 128 128 128 128 128 127 125 124 123 121 120 119 118 118 118 119 119 119 120 121 120 119 117 115 113 113 114 114
186 182 179 175 171 168 167 167 167 167 167 165 164 163 162 160 159 156 153 150 148 148 149 149 151 152 153 156 159 161 162 162 160 157 154 150 146 144 141 139 136 134 133 132 133 134 136 138 140 140 140 139 137 136 137 138 141 144 146 148 148 146 144 141 138 134 130 127 125 125 125 125 126 126 127 127 126 125 124 123 121 120 119 118 118 119 120 121 121 122 122 122 121 120 118 116 114 114 114 115
185 182 178 174 171 169 168 168 169 169 168 167 166 165 164 163 161 159 156 153 151 150 150 151 152 154 156 159 162 164 165 165 163 160 156 151 147 143 140 138 137 136 135 135 136 137 138 140 142 142 142 140 139 138 138 140 141 144 145 146 146 144 142 139 136 132 128 125 123 122 121 122 122 123 124 125 124 124 123 121 120 119 119 119 120 122 125 126 126 126 126 125 124 122 120 118 116 115 114 115
184 180 177 174 171 170 169 170 170 171 170 169 167 167 167 166 164 162 159 156 154 153 152 153 155 157 159 161 164 165 167 167 166 163 159 152 147 143 139 138 138 138 138 138 139 140 141 143 144 144 143 142 140 140 140 141 142 143 144 144 143 142 139 136 133 130 127 124 122 120 119 119 120 121 122 123 123 122 121 120 119 118 118 120 122 126 130 131 131 131 129 127 126 124 122 120 117 116 115 115
184 179 176 173 171 170 171 172 172 173 172 171 169 169 168 167 166 164 162 160 158 156 156 157 158 160 162 164 166 167 168 168 167 164 160 153 147 143 140 138 139 140 141 142 143 143 144 145 146 145 144 143 142 141 142 142 142 142 142 142 140 138 136 133 131 129 126 123 121 119 118 118 118 119 121 121 121 121 120 119 119 118 119 121 124 129 133 135 135 134 132 130 128 126 124 121 119 117 116 115
184 178 174 172 171 171 172 174 175 175 174 173 171 170 169 168 168 166 165 164 162 161 160 161 163 164 166 167 167 168 168 168 167 164 159 153 148 143 140 140 141 142 144 145 146 147 148 148 148 147 146 145 144 144 143 143 142 141 140 139 137 135 132 130 129 127 125 123 121 118 118 118 118 119 120 120 120 120 119 119 119 119 120 123 127 131 136 137 137 137 135 133 131 128 126 122 119 117 116 116
184 178 174 171 171 172 174 176 177 177 176 175 174 172 171 170 169 168 168 167 166 165 165 166 167 168 169 169 169 168 168 168 166 163 159 153 149 145 142 142 143 145 147 148 149 150 150 150 150 149 148 147 146 145 144 143 142 140 138 137 135 132 129 128 127 126 125 123 121 119 118 118 118 118 119 119 119 119 119 119 119 120 122 125 128 133 137 139 139 138 137 134 132 129 126 122 119 117 116 116
185 179 174 172 172 173 175 177 178 179 179 178 176 174 173 171 170 170 170 170 170 170 170 172 172 172 172 171 169 168 168 167 165 162 158 154 150 147 145 145 147 148 150 151 152 152 152 152 151 151 150 149 148 147 145 143 141 139 137 134 132 130 127 126 125 125 124 123 121 119 119 119 119 118 118 118 118 118 118 119 120 121 123 126 130 134 137 138 139 138 137 135 132 129 126 122 119 116 115 114
187 181 176 174 174 175 177 179 180 181 181 180 179 177 174 173 171 171 172 173 173 174 175 176 177 176 174 172 170 168 167 166 164 161 158 154 152 149 148 148 150 152 153 154 154 154 154 153 153 153 152 151 150 148 146 143 141 138 135 133 131 128 126 125 124 124 124 123 122 120 120 119 119 118 117 117 117 117 118 119 120 122 125 128 131 134 137 138 138 138 137 135 132 128 125 121 117 115 113 113
191 185 180 178 178 179 180 182 182 182 182 181 180 178 176 174 173 173 174 176 177 177 178 180 180 178 176 174 171 168 167 165 163 161 158 155 153 152 151 152 153 155 156 157 156 156 155 155 154 154 153 152 151 149 146 143 140 137 135 132 130 128 126 125 124 124 124 123 122 121 120 119 119 118 117 117 117 117 118 119 121 123 125 128 131 134 136 137 138 138 136 135 131 128 124 120 116 113 111 111
198 192 187 184 184 184 185 185 185 184 183 182 181 180 178 176 175 175 177 178 179 181 182 182 182 180 178 175 171 169 167 165 163 161 159 157 155 154 154 155 157 158 159 159 158 157 156 155 155 154 153 152 151 149 146 143 140 137 135 132 130 129 127 126 124 124 124 124 123 122 121 119 118 117 117 117 117 117 118 119 121 123 126 129 131 133 135 136 137 137 136 134 131 127 123 118 115 112 110 109
204 199 195 192 191 190 190 190 189 186 185 184 182 181 179 178 177 178 179 180 182 183 184 184 184 182 180 177 173 170 168 165 164 162 160 158 157 157 157 158 160 161 162 161 160 158 157 156 155 154 153 152 150 149 146 143 140 137 135 133 131 129 128 126 125 124 124 124 124 123 121 119 118 117 117 117 117 117 118 119 121 123 126 129 131 133 135 136 136 136 134 132 129 126 122 118 114 111 109 108
211 208 204 202 200 199 198 197 194 191 188 186 183 182 180 179 179 180 181 182 184 185 185 185 185 184 182 179 176 172 169 167 165 163 162 160 160 160 161 162 163 164 164 163 162 160 158 156 155 153 152 150 149 147 145 142 140 137 135 134 133 131 129 127 126 125 125 125 124 123 121 119 118 117 117 117 117 118 119 120 122 124 126 128 131 133 135 135 136 135 132 130 127 125 122 118 114 112 110 108
218 215 213 211 209 207 205 203 200 195 192 188 185 183 182 181 181 182 183 184 185 186 187 187 186 185 184 182 178 175 172 168 166 165 164 163 163 163 164 165 166 167 166 165 163 161 159 157 155 153 151 150 148 146 144 142 140 138 136 135 134 132 130 128 127 126 126 126 125 124 122 120 118 117 117 117 118 118 120 121 123 124 126 128 131 133 135 135 135 133 130 128 126 124 121 118 115 112 110 110
222 221 219 218 217 216 213 210 206 201 196 191 187 185 183 183 183 184 185 186 187 188 188 188 188 188 187 185 181 178 174 171 169 168 167 166 166 166 167 168 169 169 169 167 165 162 159 157 154 153 151 150 148 146 144 142 141 139 138 137 135 133 130 129 128 127 127 127 126 124 122 120 118 118 117 117 118 119 121 122 124 126 128 129 131 134 136 135 133 131 128 126 124 122 120 118 115 114 112 111
226 226 225 225 225 223 220 216 211 205 200 194 190 187 186 185 185 186 187 188 189 189 190 190 191 190 190 188 184 181 177 174 172 171 170 169 169 170 170 171 172 171 170 169 166 162 159 157 155 153 152 151 149 147 145 143 142 141 140 138 136 134 131 130 129 129 129 129 127 125 123 121 119 118 118 118 118 119 121 124 126 128 130 131 133 135 137 136 133 130 127 124 122 121 119 118 117 115 114 113
231 231 230 230 229 227 224 220 215 209 204 198 193 190 188 188 188 188 189 190 191 191 192 193 193 193 192 190 187 184 181 178 176 174 174 173 173 174 174 174 174 174 172 170 166 162 159 157 155 154 153 152 150 148 146 144 143 143 142 140 138 135 132 131 130 130 130 130 129 127 125 123 121 120 119 118 119 120 123 125 128 131 133 135 136 138 138 137 133 130 127 124 122 120 119 118 118 116 115 115
237 236 235 234 232 230 226 222 217 212 207 202 198 194 191 190 190 191 192 192 193 193 194 195 196 196 195 193 190 187 184 181 179 178 178 178 178 178 178 178 177 175 173 170 166 162 160 158 156 156 155 154 152 150 148 146 145 145 144 142 139 136 133 132 131 131 132 133 132 130 128 126 123 121 119 119 120 122 124 127 131 135 137 139 140 141 140 138 135 132 128 125 122 121 119 119 119 118 117 116
243 241 239 237 234 231 228 224 219 215 211 206 202 198 195 193 193 193 194 195 195 196 196 197 198 198 197 195 193 190 187 184 183 182 181 181 181 182 181 180 179 176 173 170 166 162 160 158 157 157 157 155 154 152 150 148 147 147 145 143 140 136 134 132 132 133 134 135 134 133 131 128 125 123 121 121 122 124 127 130 134 138 141 142 143 143 142 140 137 133 129 125 122 120 119 119 119 118 117 116
249 246 242 239 236 232 229 225 221 218 214 210 206 202 198 197 196 196 196 197 197 197 198 198 199 199 198 196 194 192 190 187 186 185 185 185 185 185 184 182 179 176 172 168 165 161 159 158 157 158 158 157 155 153 152 150 149 148 146 143 140 137 134 133 133 134 136 138 137 136 134 130 127 125 123 124 125 128 131 134 137 141 143 144 145 145 144 142 138 134 130 125 122 120 119 119 118 118 117 116
253 249 245 241 237 234 230 227 224 220 217 214 210 206 203 200 199 199 199 200 200 200 200 201 201 200 199 198 196 194 192 190 188 187 187 187 187 187 185 183 179 175 171 167 164 161 159 158 158 158 158 157 156 155 153 152 151 149 146 143 140 137 134 134 134 136 138 140 140 139 136 133 129 127 126 127 129 132 134 137 140 142 144 145 145 145 144 142 139 135 130 125 122 120 118 118 118 118 117 116
255 251 247 243 240 236 233 230 226 223 220 217 214 211 207 205 204 203 203 204 204 205 205 205 205 204 202 200 198 195 193 191 189 188 187 188 187 186 185 182 177 174 170 167 164 162 160 159 159 158 158 157 156 155 154 152 151 148 146 143 140 137 135 135 136 138 140 142 142 141 139 135 132 130 130 132 135 137 138 140 141 142 143 143 143 143 143 141 139 135 129 125 121 119 118 118 118 118 117 117
256 252 249 246 243 240 237 233 230 226 224 221 219 215 212 210 208 208 208 209 210 211 211 211 210 208 206 203 199 196 194 192 190 188 187 187 186 185 182 179 175 172 169 167 165 163 162 160 159 158 157 156 156 155 154 152 150 147 145 142 140 137 136 136 138 140 142 143 144 143 141 137 135 134 134 136 140 141 142 142 142 142 141 141 140 140 140 139 137 134 129 124 121 119 117 118 118 118 118 117
260 256 254 251 248 244 241 238 235 231 229 226 224 221 218 216 214 214 214 215 217 218 219 218 217 214 210 206 202 198 195 192 190 187 186 186 185 183 180 177 173 170 169 167 166 165 163 162 160 159 157 156 155 154 153 152 149 147 144 142 140 138 137 138 140 142 144 145 145 145 143 140 138 137 137 139 142 143 142 142 141 140 139 138 138 138 138 137 136 133 128 124 121 119 118 119 119 119 119 118
265 262 260 257 253 250 247 244 241 238 235 232 229 227 224 222 221 221 221 222 225 227 228 227 225 221 216 211 206 201 196 192 189 186 184 184 182 180 177 174 171 169 168 168 168 167 165 163 161 159 158 156 155 154 153 151 149 146 143 141 140 139 140 140 142 143 145 146 147 147 146 143 141 140 140 140 141 142 141 140 139 138 137 136 135 135 135 135 134 132 127 124 122 121 120 121 121 121 120 119
273 270 267 264 260 256 253 250 247 245 242 239 236 233 231 229 228 227 228 229 231 234 234 233 230 225 220 214 209 203 198 193 189 186 184 182 180 178 175 173 170 169 169 169 169 169 167 164 162 160 159 157 156 155 153 151 149 146 144 142 141 142 142 144 145 146 148 149 150 150 149 146 144 143 141 141 141 141 140 139 138 136 135 134 134 133 133 133 133 131 127 124 123 123 123 123 124 123 123 121
283 279 276 272 267 264 260 257 254 252 249 245 242 240 237 236 234 234 234 235 236 237 236 235 232 227 222 216 211 205 200 195 190 187 184 181 179 177 175 173 171 170 170 171 171 170 169 166 164 162 161 159 158 156 154 151 149 148 146 145 145 145 146 147 149 151 152 153 153 153 152 150 148 145 143 141 140 139 139 138 137 135 134 133 132 132 131 131 132 131 128 125 125 125 126 127 128 127 125 123
293 289 285 281 276 272 268 265 262 259 256 252 249 246 244 242 241 240 239 239 239 238 237 235 232 228 223 218 213 207 202 197 192 188 185 182 179 177 176 175 174 173 173 172 172 172 171 168 166 164 163 161 160 158 155 153 151 150 149 148 148 149 150 152 154 156 157 158 158 158 156 154 151 147 144 142 140 138 138 138 137 135 134 133 132 131 130 131 132 131 129 127 127 128 129 131 132 131 129 126
300 297 293 289 284 280 276 272 269 266 262 259 256 253 251 248 246 244 244 243 241 239 237 235 232 228 224 219 214 210 204 199 194 190 187 184 182 180 179 178 177 177 176 176 175 174 173 171 169 167 165 164 162 160 157 155 154 153 152 152 152 153 154 156 159 161 163 164 164 162 160 157 154 150 146 144 142 140 140 139 138 137 135 134 132 131 130 131 132 132 130 129 130 132 134 136 137 135 133 129
306 304 301 297 292 288 284 279 276 272 269 265 262 259 257 254 251 249 247 246 243 239 236 234 232 228 224 220 216 212 207 202 197 193 190 188 186 184 183 182 182 182 181 179 179 178 176 174 172 170 168 166 164 163 161 159 157 156 156 155 155 156 158 160 164 166 169 171 170 167 164 161 157 153 149 146 145 144 143 142 141 139 137 135 134 132 132 132 133 133 132 131 133 136 139 141 141 140 137 133
314 313 311 307 302 297 292 287 283 279 276 273 269 266 263 260 256 253 250 248 244 240 236 234 232 229 225 222 219 215 210 205 201 197 194 192 191 189 188 188 188 187 185 184 182 181 179 177 175 173 170 168 167 165 164 162 161 160 159 158 158 159 161 164 167 171 174 176 175 172 169 165 161 156 152 150 149 148 147 145 144 142 140 138 136 135 134 135 136 136 135 135 137 141 143 145 145 144 141 137
325 324 322 318 313 307 301 295 291 287 284 281 278 274 270 265 261 256 253 250 245 240 237 234 232 230 228 225 222 218 214 210 206 202 199 197 196 195 195 194 194 193 191 189 187 185 183 181 178 175 173 170 169 168 167 166 164 163 162 161 161 162 163 166 170 174 178 179 179 176 173 170 166 161 156 154 154 153 151 150 148 145 143 141 139 138 138 138 139 140 140 140 143 146 148 149 148 147 144 140
336 335 334 330 324 317 310 303 298 294 291 289 285 281 276 271 265 260 256 252 247 242 238 236 234 232 230 228 225 222 218 214 210 207 204 202 201 201 201 201 200 198 196 193 191 189 187 184 181 178 175 173 172 171 170 169 167 166 164 163 163 164 166 169 173 176 180 182 182 180 177 174 170 165 161 159 158 157 156 154 152 149 147 144 143 142 142 142 143 144 145 146 148 150 151 152 151 149 147 142
347 346 344 340 333 326 318 310 305 301 298 295 292 287 282 276 269 263 260 256 250 245 241 239 236 234 233 230 227 224 221 218 215 212 210 207 206 206 206 206 205 203 200 197 195 192 190 188 185 183 180 178 177 175 174 173 171 169 167 165 165 165 167 170 174 178 181 183 184 183 181 178 174 169 164 162 162 161 160 158 156 153 151 149 147 146 146 147 149 150 151 152 154 155 155 154 152 150 148 143
359 357 354 349 342 334 326 318 312 308 304 301 298 293 288 281 273 267 264 260 255 250 246 243 240 237 235 232 229 227 225 222 220 218 215 212 211 210 210 210 209 207 203 200 198 196 194 191 189 187 185 184 183 181 179 176 174 172 170 168 167 167 168 171 174 178 181 184 185 185 183 180 177 172 168 166 165 164 164 163 160 157 155 153 152 151 151 152 154 156 158 159 159 158 157 156 154 151 148 144
367 366 362 357 350 343 335 327 321 316 311 308 304 299 293 286 279 273 269 265 260 255 251 247 244 241 239 236 233 230 228 227 225 223 221 218 216 215 215 213 212 209 206 202 200 198 196 194 193 191 190 189 188 186 184 181 178 175 173 171 170 170 170 173 176 179 182 184 186 186 185 183 180 176 172 169 168 167 167 166 164 161 160 158 157 156 156 158 160 162 163 164 163 161 160 158 156 152 148 144
374 372 369 364 358 352 345 338 331 325 320 315 310 304 298 292 286 280 276 271 266 261 256 253 249 246 244 240 237 234 232 231 230 230 228 225 223 220 218 216 213 210 207 204 201 200 198 197 196 196 195 195 194 192 189 186 183 179 176 174 173 173 174 175 177 180 183 185 187 187 187 185 183 179 175 173 171 170 170 169 167 166 164 163 163 163 163 164 166 167 167 167 166 164 163 161 159 154 149 144
378 376 373 369 364 359 354 348 341 334 328 322 316 310 303 298 292 287 282 277 271 266 261 258 254 251 249 245 242 239 237 236 236 235 234 231 229 226 223 219 216 212 209 205 203 201 200 199 198 199 200 200 199 197 194 191 187 183 180 178 176 177 177 178 179 181 184 186 188 189 189 188 186 183 180 177 175 173 172 172 170 169 168 168 168 168 169 170 170 171 170 169 168 166 165 163 160 155 149 144
382 379 376 372 369 366 362 358 352 344 337 330 323 316 310 304 299 293 287 281 275 269 264 261 258 256 254 251 248 246 244 242 241 241 239 237 234 231 228 224 220 215 210 206 203 202 200 200 200 201 202 203 202 201 198 195 191 187 184 181 179 179 180 181 182 184 186 189 191 192 193 192 190 188 185 182 180 177 175 174 172 171 171 172 172 173 173 173 173 173 172 172 170 168 166 164 160 154 148 143
383 380 377 375 373 371 370 367 360 353 345 337 329 323 316 310 304 298 292 285 278 271 267 265 263 261 259 257 254 252 250 248 246 245 243 241 239 236 233 229 224 219 213 208 205 203 202 202 202 204 205 206 206 204 202 198 194 191 187 184 182 182 182 183 185 187 189 191 194 196 197 196 195 193 190 188 185 182 179 176 175 174 174 175 176 176 176 175 174 174 173 173 171 169 166 163 158 153 147 141
384 382 380 378 377 376 375 372 366 359 351 342 335 328 321 315 310 303 296 289 282 275 271 269 267 266 264 261 259 256 254 252 250 248 246 245 243 240 237 234 229 224 218 213 210 207 206 206 206 208 209 210 210 208 206 203 199 195 191 187 185 184 185 186 188 190 192 194 197 199 200 200 199 198 196 193 190 187 183 180 178 177 177 177 178 178 177 177 176 175 174 173 171 169 165 161 155 149 143 138
384 383 383 382 381 380 379 375 370 362 355 347 339 332 325 320 315 309 300 293 286 281 277 275 273 270 268 265 262 259 256 254 252 250 249 247 246 244 242 238 234 230 225 220 216 212 211 211 212 213 214 215 214 213 210 207 203 199 195 190 187 187 187 188 190 192 195 198 200 203 204 204 204 203 201 198 195 191 188 185 183 181 180 179 179 179 178 177 177 175 174 173 170 168 163 157 151 144 139 135
384 384 385 385 385 384 381 378 373 366 360 352 345 338 331 325 321 315 307 299 293 288 284 282 279 276 273 269 266 262 260 257 255 252 251 250 249 248 246 244 240 236 231 227 222 218 217 217 218 219 221 220 219 217 215 212 208 204 199 195 192 190 190 191 193 195 199 201 204 206 207 207 207 206 204 202 198 195 192 190 187 184 182 181 180 179 178 177 176 175 174 172 169 166 161 154 148 141 136 134
382 384 386 387 388 387 383 379 375 371 365 359 352 344 337 332 328 323 316 309 303 298 293 290 286 283 279 275 271 267 263 260 256 254 252 251 251 252 251 249 246 242 238 233 229 225 224 225 226 227 228 227 225 222 219 216 213 209 205 201 197 195 194 195 197 199 202 205 207 208 208 209 208 207 206 203 201 198 196 193 190 187 185 182 180 179 177 176 175 174 172 170 167 164 159 152 145 140 136 134
381 384 388 390 391 390 385 380 377 374 369 364 358 351 344 340 337 332 325 319 313 308 303 299 295 291 287 282 278 273 268 264 260 256 254 254 254 255 256 255 252 248 244 239 235 232 231 233 234 235 235 233 230 227 223 220 217 214 211 207 203 201 199 200 202 204 207 210 211 211 211 211 210 209 207 205 203 201 199 197 194 190 187 183 180 178 176 175 174 172 170 168 165 162 157 150 144 140 136 135
382 386 390 393 394 393 387 381 378 374 370 366 362 357 352 348 345 341 335 329 323 318 314 311 307 303 299 294 290 284 278 272 266 261 259 258 258 259 260 259 257 253 248 244 241 239 239 240 241 241 241 239 235 231 228 225 222 219 216 212 208 206 204 205 208 211 214 216 217 216 215 214 213 212 211 209 207 205 203 201 198 194 190 185 182 179 176 174 172 170 168 166 163 159 155 148 143 139 137 136
382 388 393 396 397 395 389 383 378 374 370 367 365 363 360 357 354 350 344 338 333 329 325 323 320 316 312 308 303 296 288 280 274 268 265 263 263 264 265 263 261 257 252 248 247 246 246 247 247 247 246 243 239 236 233 229 226 223 220 216 213 211 210 212 215 218 222 224 224 222 220 218 216 216 216 214 211 209 207 205 201 197 192 188 184 180 177 174 171 169 166 164 161 157 153 148 143 140 138 137
381 388 393 397 398 396 391 386 381 377 374 371 370 369 369 366 363 359 353 348 343 338 335 333 330 327 323 317 311 304 295 286 280 274 271 269 268 268 268 267 264 260 256 252 251 251 251 251 251 251 249 247 243 240 237 234 231 228 225 221 219 217 217 219 223 227 230 232 231 229 226 223 221 220 220 218 215 212 210 208 204 200 195 190 185 181 177 173 170 167 165 162 159 156 152 147 144 141 139 139
380 387 393 396 397 396 393 389 385 382 379 377 376 377 378 376 372 368 362 357 352 347 344 341 338 335 330 324 316 308 299 291 285 280 277 276 275 273 272 270 267 263 259 255 254 254 254 254 254 253 252 250 247 244 241 238 235 232 229 227 225 224 225 228 232 236 239 241 239 235 232 230 227 225 224 221 219 216 213 210 207 203 198 192 187 182 177 173 170 167 164 161 158 155 151 148 145 143 141 140
379 385 391 394 395 395 394 391 388 385 383 382 382 383 384 382 378 374 369 364 360 355 352 349 346 342 336 329 320 311 301 293 288 284 281 281 279 277 275 272 270 266 262 259 257 257 256 257 256 256 255 253 250 248 245 242 239 237 235 232 231 231 232 235 240 243 246 247 244 240 237 235 232 229 226 223 221 218 215 211 208 204 199 194 188 182 177 173 170 167 163 160 157 154 151 148 146 144 142 141
376 381 386 390 392 393 393 391 389 386 385 386 386 387 387 385 381 377 373 369 366 363 359 356 352 346 340 332 323 313 301 291 286 283 281 282 282 280 278 275 273 269 266 263 261 260 259 259 259 259 259 257 255 252 249 247 244 242 241 239 239 239 240 242 245 247 249 249 247 244 241 238 235 230 226 222 219 216 213 210 207 202 198 193 188 182 177 173 171 168 164 161 158 155 152 149 146 144 142 142
374 377 381 385 388 390 390 389 388 386 386 388 389 389 388 386 383 379 376 373 371 369 366 362 357 350 343 335 326 316 302 290 285 282 282 284 284 283 281 278 276 273 270 267 265 263 262 261 261 261 262 261 259 256 254 251 249 248 247 246 246 246 247 248 248 249 249 249 248 246 243 240 236 230 224 220 216 213 211 208 205 200 196 191 186 181 177 174 172 169 165 161 158 155 152 149 147 144 142 142
371 374 377 381 384 386 387 386 386 385 386 388 390 390 389 387 385 382 380 377 376 374 371 366 361 354 347 339 330 319 306 295 290 287 286 287 287 286 284 283 280 278 275 272 269 267 265 263 262 263 263 262 261 259 257 255 253 252 251 251 250 250 250 250 249 249 249 248 247 245 243 239 235 228 222 217 213 210 208 206 202 198 194 189 185 180 176 173 171 168 164 160 157 153 150 147 145 143 142 142
368 371 373 376 380 382 382 382 382 383 385 388 389 390 389 388 387 385 383 381 379 378 374 369 364 358 351 343 334 324 314 305 298 294 292 291 291 290 288 287 285 283 280 278 274 271 268 266 264 264 263 263 261 260 259 258 256 255 254 254 253 252 251 250 247 246 246 246 245 243 240 236 231 225 219 214 209 206 205 203 200 196 192 187 182 178 175 172 170 167 163 158 154 150 147 144 143 142 142 143
367 369 371 373 376 378 377 377 379 381 384 387 389 390 389 389 388 387 386 384 383 382 378 373 368 362 355 348 340 332 325 318 311 304 299 296 294 292 291 289 288 286 284 281 278 274 271 268 265 264 263 262 261 261 260 260 258 257 256 255 254 253 251 248 245 243 243 242 241 239 236 232 228 222 216 211 206 203 202 200 197 194 190 185 180 176 173 170 168 165 160 156 152 148 145 143 142 142 143 144
367 368 369 371 373 374 373 373 376 379 383 387 389 390 390 389 389 389 388 388 387 386 382 378 372 366 359 353 348 344 341 337 327 316 307 301 296 293 292 290 288 286 284 282 280 277 273 269 266 263 261 260 260 260 261 260 259 257 256 254 252 251 249 246 243 240 239 237 236 234 232 229 225 219 213 209 204 201 199 197 195 192 188 183 178 174 170 168 165 162 157 153 149 146 144 143 143 144 146 147
368 368 369 370 371 371 370 370 373 377 382 386 389 390 390 390 390 390 391 391 391 390 387 383 378 371 364 360 357 356 357 355 343 328 316 306 299 295 293 290 287 285 284 283 281 278 275 270 266 262 259 258 259 259 260 260 259 257 255 253 251 249 247 243 240 237 234 232 230 229 227 225 221 216 211 207 203 200 197 195 192 189 186 181 176 172 168 165 163 159 154 150 147 146 144 144 144 146 148 149
370 370 370 370 370 370 369 369 372 377 381 386 389 390 390 391 392 392 394 394 395 395 393 390 386 379 372 369 368 368 371 369 357 340 326 314 305 298 293 289 286 284 284 283 281 278 275 270 266 262 259 258 258 258 258 258 257 255 253 252 250 247 244 240 237 233 230 228 226 224 222 220 218 214 209 205 202 199 196 194 191 187 184 179 175 170 165 162 160 156 152 149 147 145 145 146 147 148 150 151
372 372 371 371 371 370 369 369 373 377 381 385 388 389 391 392 393 395 396 398 399 400 400 398 394 387 380 378 379 380 383 381 369 351 336 323 311 302 295 289 285 283 283 282 280 278 274 269 265 262 259 258 257 256 256 255 254 253 251 250 248 245 241 237 233 230 227 224 222 220 218 216 214 211 207 204 201 198 196 193 189 185 182 178 174 168 164 160 157 154 151 148 146 145 146 148 149 150 151 152
374 374 374 373 373 372 371 372 374 378 381 384 387 389 391 393 395 396 399 400 402 404 404 403 400 394 389 387 388 389 391 389 376 358 343 329 317 308 300 294 288 285 283 281 279 277 273 269 265 262 259 257 256 255 254 253 251 250 249 248 245 242 238 234 231 228 224 221 218 215 213 212 210 208 205 203 200 197 194 191 187 183 180 176 172 167 162 158 155 152 150 147 146 145 146 149 151 152 153 154
375 376 377 377 377 376 376 376 378 380 382 384 386 389 391 393 395 397 400 403 405 407 407 405 403 400 397 396 395 395 396 393 380 362 347 334 323 315 309 301 294 288 284 280 278 276 272 269 265 262 259 257 255 253 252 250 249 247 245 244 241 238 235 232 230 227 223 219 214 210 208 206 205 204 203 200 198 195 191 188 184 180 177 175 171 166 161 158 155 152 149 147 145 143 145 148 151 152 153 156
378 379 381 381 381 381 381 381 381 382 383 385 387 389 392 394 396 398 401 404 407 409 409 407 405 404 403 402 401 400 401 397 382 362 347 335 325 320 315 308 299 292 285 280 277 275 272 269 266 262 259 256 254 252 250 247 246 244 242 239 237 233 231 229 228 225 221 216 211 206 203 202 201 200 200 198 195 192 189 186 182 178 175 173 170 165 161 157 155 152 149 146 144 143 144 148 152 153 155 158
381 383 385 386 386 387 386 386 386 386 386 387 388 390 393 395 397 399 403 406 409 411 411 409 407 407 406 406 404 404 406 402 383 359 342 331 323 320 318 311 302 294 286 281 277 276 273 271 267 264 259 256 253 250 247 244 242 240 238 235 232 228 226 225 225 223 219 214 208 201 198 197 197 196 196 195 192 190 187 183 180 176 173 170 167 163 160 157 155 152 149 146 144 143 144 148 152 154 157 160
386 388 390 391 392 392 392 391 391 390 390 389 390 392 394 396 398 401 404 408 410 412 412 411 409 409 409 408 407 407 410 405 383 354 336 326 319 319 319 313 304 295 288 282 278 277 274 272 269 265 260 255 251 247 244 241 239 237 234 230 227 224 221 221 222 221 217 211 205 198 195 194 193 193 193 191 190 187 185 181 178 175 171 167 164 161 159 156 154 152 149 146 144 143 144 148 152 155 159 162
389 392 394 395 396 396 395 394 394 394 394 393 393 395 397 399 401 403 407 410 412 414 414 412 412 412 412 411 410 409 410 404 381 352 335 324 318 319 320 314 306 298 290 283 280 278 275 273 269 264 259 254 248 244 240 237 235 233 230 227 224 220 218 217 219 218 214 210 204 197 194 193 192 192 191 190 188 186 183 180 177 174 170 166 163 160 158 156 154 152 149 146 144 143 144 148 152 156 161 164
393 396 398 399 399 399 398 397 397 398 398 398 397 399 400 402 404 407 409 412 413 414 415 414 414 415 415 414 412 409 407 400 378 352 335 325 319 318 319 314 308 301 292 286 282 279 276 272 268 262 256 251 245 241 236 233 231 230 227 224 221 218 215 214 216 215 212 209 203 198 194 193 192 192 191 189 186 184 181 179 176 174 170 167 163 160 157 155 154 152 149 146 144 144 145 148 152 157 163 166
